<TITLE : Graph Dataset (YYYY-MM-DD HH:MM): 2024-02-28 11:10 >
timestamp sec, timpestamp nsecs, number_of_tags, adjacency_matrix, indexed_matrix
1709115008, 134285212, 8, (0.0, 0.0, 0.0, 0.0, 0.0, 0.0, 0.0, 0.04839339107275009, 0.0, 0.0, 0.0, 0.04701480641961098, 0.0, 0.0, 0.0, 0.047790076583623886, 0.0, 0.0, 0.0, 0.03459498658776283, 0.0, 0.0, 0.0, 0.0, 0.0, 0.04701480641961098, 0.03459498658776283, 0.0, 0.0, 0.0, 0.0479336753487587, 0.0, 0.0, 0.0, 0.0, 0.0, 0.0, 0.0, 0.0, 0.0, 0.0, 0.0, 0.0, 0.0, 0.0, 0.0, 0.0, 0.04649757221341133, 0.0, 0.0, 0.0, 0.0479336753487587, 0.0, 0.0, 0.0, 0.0, 0.04839339107275009, 0.047790076583623886, 0.0, 0.0, 0.0, 0.04649757221341133, 0.0, 0.0), (4, 6, 5, 8, 7, 3, 2, 1)
1709115008, 234164476, 8, (0.0, 0.034705646336078644, 0.0, 0.0, 0.0, 0.0, 0.0, 0.0, 0.034705646336078644, 0.0, 0.0, 0.04692356660962105, 0.04787274822592735, 0.0, 0.0, 0.0, 0.0, 0.0, 0.0, 0.0, 0.0, 0.0, 0.0, 0.0, 0.0, 0.04692356660962105, 0.0, 0.0, 0.0, 0.0, 0.0, 0.04793829098343849, 0.0, 0.04787274822592735, 0.0, 0.0, 0.0, 0.0, 0.0, 0.0, 0.0, 0.0, 0.0, 0.0, 0.0, 0.0, 0.0, 0.04836191236972809, 0.0, 0.0, 0.0, 0.0, 0.0, 0.0, 0.0, 0.04645005613565445, 0.0, 0.0, 0.0, 0.04793829098343849, 0.0, 0.04836191236972809, 0.04645005613565445, 0.0), (5, 8, 7, 6, 2, 4, 3, 1)
1709115008, 334044933, 8, (0.0, 0.0, 0.0, 0.0, 0.0, 0.0, 0.0, 0.0, 0.0, 0.0, 0.0, 0.0, 0.0, 0.0, 0.0, 0.03473794087767601, 0.0, 0.0, 0.0, 0.04842410981655121, 0.0, 0.0, 0.0, 0.046942103654146194, 0.0, 0.0, 0.04842410981655121, 0.0, 0.04810690879821777, 0.04631232097744942, 0.0, 0.0, 0.0, 0.0, 0.0, 0.04810690879821777, 0.0, 0.0, 0.0, 0.0, 0.0, 0.0, 0.0, 0.04631232097744942, 0.0, 0.0, 0.0, 0.0, 0.0, 0.0, 0.0, 0.0, 0.0, 0.0, 0.0, 0.047801945358514786, 0.0, 0.03473794087767601, 0.046942103654146194, 0.0, 0.0, 0.0, 0.047801945358514786, 0.0), (7, 5, 6, 1, 4, 3, 2, 8)
1709115008, 433923721, 8, (0.0, 0.0, 0.0, 0.0464777834713459, 0.0, 0.0, 0.0, 0.0, 0.0, 0.0, 0.0, 0.0, 0.04806314408779144, 0.03474852442741394, 0.0469263419508934, 0.0, 0.0, 0.0, 0.0, 0.04813185706734657, 0.0, 0.0, 0.0, 0.0, 0.0464777834713459, 0.0, 0.04813185706734657, 0.0, 0.0, 0.0, 0.04782408848404884, 0.0, 0.0, 0.04806314408779144, 0.0, 0.0, 0.0, 0.0, 0.0, 0.0, 0.0, 0.03474852442741394, 0.0, 0.0, 0.0, 0.0, 0.0, 0.0, 0.0, 0.0469263419508934, 0.0, 0.04782408848404884, 0.0, 0.0, 0.0, 0.0, 0.0, 0.0, 0.0, 0.0, 0.0, 0.0, 0.0, 0.0), (3, 8, 4, 1, 2, 5, 6, 7)
1709115008, 533802748, 8, (0.0, 0.0, 0.0, 0.048424627631902695, 0.0, 0.0, 0.0, 0.0, 0.0, 0.0, 0.0, 0.04642458260059357, 0.0, 0.0, 0.0, 0.0, 0.0, 0.0, 0.0, 0.0, 0.0, 0.047797225415706635, 0.0, 0.0, 0.048424627631902695, 0.04642458260059357, 0.0, 0.0, 0.0, 0.0, 0.0, 0.047814998775720596, 0.0, 0.0, 0.0, 0.0, 0.0, 0.034786637872457504, 0.0, 0.0, 0.0, 0.0, 0.047797225415706635, 0.0, 0.034786637872457504, 0.0, 0.0, 0.04698443040251732, 0.0, 0.0, 0.0, 0.0, 0.0, 0.0, 0.0, 0.0, 0.0, 0.0, 0.0, 0.047814998775720596, 0.0, 0.04698443040251732, 0.0, 0.0), (4, 3, 2, 1, 5, 8, 7, 6)
1709115008, 633692265, 8, (0.0, 0.0, 0.0, 0.0, 0.0, 0.0, 0.0, 0.0, 0.0, 0.0, 0.0, 0.03481487184762955, 0.046999573707580566, 0.0, 0.047729477286338806, 0.0, 0.0, 0.0, 0.0, 0.0, 0.0, 0.0, 0.0, 0.048581819981336594, 0.0, 0.03481487184762955, 0.0, 0.0, 0.0, 0.0, 0.0, 0.0, 0.0, 0.046999573707580566, 0.0, 0.0, 0.0, 0.0, 0.0, 0.047754790633916855, 0.0, 0.0, 0.0, 0.0, 0.0, 0.0, 0.0, 0.04647601768374443, 0.0, 0.047729477286338806, 0.0, 0.0, 0.0, 0.0, 0.0, 0.0, 0.0, 0.0, 0.048581819981336594, 0.0, 0.047754790633916855, 0.04647601768374443, 0.0, 0.0), (7, 8, 4, 5, 6, 3, 2, 1)
1709115008, 733582020, 8, (0.0, 0.0, 0.0, 0.0, 0.0, 0.0, 0.04783111438155174, 0.0, 0.0, 0.0, 0.04646841064095497, 0.04844781756401062, 0.0, 0.0478644073009491, 0.0, 0.0, 0.0, 0.04646841064095497, 0.0, 0.0, 0.0, 0.0, 0.0, 0.0, 0.0, 0.04844781756401062, 0.0, 0.0, 0.0, 0.0, 0.0, 0.0, 0.0, 0.0, 0.0, 0.0, 0.0, 0.0, 0.03470447659492493, 0.0, 0.0, 0.0478644073009491, 0.0, 0.0, 0.0, 0.0, 0.046963226050138474, 0.0, 0.04783111438155174, 0.0, 0.0, 0.0, 0.03470447659492493, 0.046963226050138474, 0.0, 0.0, 0.0, 0.0, 0.0, 0.0, 0.0, 0.0, 0.0, 0.0), (2, 1, 3, 4, 5, 6, 8, 7)
1709115008, 833471775, 8, (0.0, 0.0, 0.0, 0.04795107617974281, 0.0, 0.0, 0.0, 0.0, 0.0, 0.0, 0.046433139592409134, 0.0, 0.0, 0.0, 0.0, 0.0, 0.0, 0.046433139592409134, 0.0, 0.0, 0.04819793626666069, 0.0, 0.04792996123433113, 0.0, 0.04795107617974281, 0.0, 0.0, 0.0, 0.0, 0.0, 0.046973563730716705, 0.03481084480881691, 0.0, 0.0, 0.04819793626666069, 0.0, 0.0, 0.0, 0.0, 0.0, 0.0, 0.0, 0.0, 0.0, 0.0, 0.0, 0.0, 0.0, 0.0, 0.0, 0.04792996123433113, 0.046973563730716705, 0.0, 0.0, 0.0, 0.0, 0.0, 0.0, 0.0, 0.03481084480881691, 0.0, 0.0, 0.0, 0.0), (2, 3, 1, 8, 4, 7, 6, 5)
1709115008, 933361292, 8, (0.0, 0.0, 0.04784831032156944, 0.0, 0.04697181284427643, 0.0, 0.0, 0.0, 0.0, 0.0, 0.0, 0.0, 0.03481569513678551, 0.0, 0.0, 0.0, 0.04784831032156944, 0.0, 0.0, 0.0, 0.0, 0.0, 0.048485979437828064, 0.04639875143766403, 0.0, 0.0, 0.0, 0.0, 0.04783196747303009, 0.0, 0.0, 0.0, 0.04697181284427643, 0.03481569513678551, 0.0, 0.04783196747303009, 0.0, 0.0, 0.0, 0.0, 0.0, 0.0, 0.0, 0.0, 0.0, 0.0, 0.0, 0.0, 0.0, 0.0, 0.048485979437828064, 0.0, 0.0, 0.0, 0.0, 0.0, 0.0, 0.0, 0.04639875143766403, 0.0, 0.0, 0.0, 0.0, 0.0), (6, 5, 1, 2, 8, 7, 4, 3)
1709115009, 33250809, 8, (0.0, 0.0, 0.0, 0.0, 0.0, 0.0, 0.0, 0.0, 0.0, 0.0, 0.0, 0.047808658331632614, 0.0, 0.0, 0.04700145497918129, 0.03470584750175476, 0.0, 0.0, 0.0, 0.0, 0.04608388617634773, 0.0, 0.0, 0.0, 0.0, 0.047808658331632614, 0.0, 0.0, 0.0, 0.0, 0.0, 0.0, 0.0, 0.0, 0.04608388617634773, 0.0, 0.0, 0.048382632434368134, 0.04785292595624924, 0.0, 0.0, 0.0, 0.0, 0.0, 0.048382632434368134, 0.0, 0.0, 0.0, 0.0, 0.04700145497918129, 0.0, 0.0, 0.04785292595624924, 0.0, 0.0, 0.0, 0.0, 0.03470584750175476, 0.0, 0.0, 0.0, 0.0, 0.0, 0.0), (7, 8, 3, 2, 1, 4, 6, 5)
1709115009, 133140087, 8, (0.0, 0.0, 0.0, 0.0, 0.0, 0.0, 0.04798572510480881, 0.0, 0.0, 0.0, 0.0, 0.0, 0.0, 0.0, 0.046392638236284256, 0.0, 0.0, 0.0, 0.0, 0.0, 0.0, 0.0, 0.0, 0.0, 0.0, 0.0, 0.0, 0.0, 0.0, 0.0, 0.04793532192707062, 0.046951260417699814, 0.0, 0.0, 0.0, 0.0, 0.0, 0.0, 0.0, 0.03475479409098625, 0.0, 0.0, 0.0, 0.0, 0.0, 0.0, 0.0, 0.04783760383725166, 0.04798572510480881, 0.046392638236284256, 0.0, 0.04793532192707062, 0.0, 0.0, 0.0, 0.0, 0.0, 0.0, 0.0, 0.046951260417699814, 0.03475479409098625, 0.04783760383725166, 0.0, 0.0), (4, 3, 7, 6, 5, 2, 1, 8)
1709115009, 233029604, 8, (0.0, 0.0, 0.046986766159534454, 0.034758590161800385, 0.0, 0.04791386425495148, 0.0, 0.0, 0.0, 0.0, 0.0, 0.0, 0.0, 0.0, 0.0, 0.0, 0.046986766159534454, 0.0, 0.0, 0.0, 0.04801609739661217, 0.0, 0.0, 0.0, 0.034758590161800385, 0.0, 0.0, 0.0, 0.0, 0.0, 0.0, 0.0, 0.0, 0.0, 0.04801609739661217, 0.0, 0.0, 0.0, 0.04831729829311371, 0.046365585178136826, 0.04791386425495148, 0.0, 0.0, 0.0, 0.0, 0.0, 0.0, 0.0, 0.0, 0.0, 0.0, 0.0, 0.04831729829311371, 0.0, 0.0, 0.0, 0.0, 0.0, 0.0, 0.0, 0.046365585178136826, 0.0, 0.0, 0.0), (8, 7, 6, 5, 1, 2, 4, 3)
1709115009, 332919836, 8, (0.0, 0.0, 0.0, 0.0, 0.0, 0.0, 0.0, 0.04852571710944176, 0.0, 0.0, 0.0, 0.0, 0.046929981559515, 0.0, 0.0, 0.04788528010249138, 0.0, 0.0, 0.0, 0.0, 0.03478986397385597, 0.0, 0.0, 0.0, 0.0, 0.0, 0.0, 0.0, 0.0, 0.0, 0.0, 0.0, 0.0, 0.046929981559515, 0.03478986397385597, 0.0, 0.0, 0.0, 0.047884006053209305, 0.0, 0.0, 0.0, 0.0, 0.0, 0.0, 0.0, 0.0, 0.04640937224030495, 0.0, 0.0, 0.0, 0.0, 0.047884006053209305, 0.0, 0.0, 0.0, 0.04852571710944176, 0.04788528010249138, 0.0, 0.0, 0.0, 0.04640937224030495, 0.0, 0.0), (4, 6, 5, 7, 8, 3, 2, 1)
1709115009, 432809353, 8, (0.0, 0.034741029143333435, 0.0, 0.046971000730991364, 0.0, 0.0, 0.0, 0.04790523648262024, 0.034741029143333435, 0.0, 0.0, 0.0, 0.0, 0.0, 0.0, 0.0, 0.0, 0.0, 0.0, 0.0, 0.0, 0.0, 0.0, 0.0, 0.046971000730991364, 0.0, 0.0, 0.0, 0.047909628599882126, 0.0, 0.0, 0.0, 0.0, 0.0, 0.0, 0.047909628599882126, 0.0, 0.048330407589673996, 0.046446699649095535, 0.0, 0.0, 0.0, 0.0, 0.0, 0.048330407589673996, 0.0, 0.0, 0.0, 0.0, 0.0, 0.0, 0.0, 0.046446699649095535, 0.0, 0.0, 0.0, 0.04790523648262024, 0.0, 0.0, 0.0, 0.0, 0.0, 0.0, 0.0), (8, 5, 7, 6, 1, 4, 3, 2)
1709115009, 532698393, 8, (0.0, 0.03482088819146156, 0.0, 0.0, 0.0, 0.0, 0.0, 0.0, 0.03482088819146156, 0.0, 0.0, 0.046949028968811035, 0.0, 0.04787863418459892, 0.0, 0.0, 0.0, 0.0, 0.0, 0.0, 0.0, 0.0, 0.0, 0.0, 0.0, 0.046949028968811035, 0.0, 0.0, 0.0, 0.0, 0.04785054922103882, 0.0, 0.0, 0.0, 0.0, 0.0, 0.0, 0.0, 0.04657312110066414, 0.0, 0.0, 0.04787863418459892, 0.0, 0.0, 0.0, 0.0, 0.0, 0.0, 0.0, 0.0, 0.0, 0.04785054922103882, 0.04657312110066414, 0.0, 0.0, 0.04867174103856087, 0.0, 0.0, 0.0, 0.0, 0.0, 0.0, 0.04867174103856087, 0.0), (5, 8, 7, 6, 3, 2, 1, 4)
1709115009, 632592678, 8, (0.0, 0.04794697463512421, 0.0, 0.0, 0.0, 0.0, 0.04702543094754219, 0.034666579216718674, 0.04794697463512421, 0.0, 0.0, 0.0, 0.0, 0.0, 0.0, 0.0, 0.0, 0.0, 0.0, 0.0, 0.0484919473528862, 0.0, 0.0, 0.0, 0.0, 0.0, 0.0, 0.0, 0.04669173061847687, 0.0, 0.0, 0.0, 0.0, 0.0, 0.0484919473528862, 0.04669173061847687, 0.0, 0.0, 0.04776559770107269, 0.0, 0.0, 0.0, 0.0, 0.0, 0.0, 0.0, 0.0, 0.0, 0.04702543094754219, 0.0, 0.0, 0.0, 0.04776559770107269, 0.0, 0.0, 0.0, 0.034666579216718674, 0.0, 0.0, 0.0, 0.0, 0.0, 0.0, 0.0), (8, 2, 4, 3, 1, 7, 6, 5)
1709115009, 732486963, 8, (0.0, 0.048462025821208954, 0.04649748653173447, 0.0, 0.0478639118373394, 0.0, 0.0, 0.0, 0.048462025821208954, 0.0, 0.0, 0.0, 0.0, 0.0, 0.0, 0.0, 0.04649748653173447, 0.0, 0.0, 0.0, 0.0, 0.0, 0.0, 0.0, 0.0, 0.0, 0.0, 0.0, 0.0, 0.04776981845498085, 0.0, 0.0, 0.0478639118373394, 0.0, 0.0, 0.0, 0.0, 0.04693812504410744, 0.0, 0.0, 0.0, 0.0, 0.0, 0.04776981845498085, 0.04693812504410744, 0.0, 0.0, 0.034780774265527725, 0.0, 0.0, 0.0, 0.0, 0.0, 0.0, 0.0, 0.0, 0.0, 0.0, 0.0, 0.0, 0.0, 0.034780774265527725, 0.0, 0.0), (1, 4, 3, 2, 6, 8, 7, 5)
1709115009, 832381487, 8, (0.0, 0.0, 0.0, 0.0, 0.0, 0.0, 0.0, 0.046136632561683655, 0.0, 0.0, 0.0, 0.0, 0.0, 0.0, 0.0, 0.04855770245194435, 0.0, 0.0, 0.0, 0.0348542258143425, 0.04692663252353668, 0.0, 0.04807722941040993, 0.0, 0.0, 0.0, 0.0348542258143425, 0.0, 0.0, 0.0, 0.0, 0.0, 0.0, 0.0, 0.04692663252353668, 0.0, 0.0, 0.0, 0.0, 0.04791031405329704, 0.0, 0.0, 0.0, 0.0, 0.0, 0.0, 0.0, 0.0, 0.0, 0.0, 0.04807722941040993, 0.0, 0.0, 0.0, 0.0, 0.0, 0.046136632561683655, 0.04855770245194435, 0.0, 0.0, 0.04791031405329704, 0.0, 0.0, 0.0), (3, 4, 8, 5, 6, 7, 2, 1)
1709115009, 932276011, 8, (0.0, 0.0, 0.0, 0.0, 0.0, 0.0, 0.0, 0.04658830538392067, 0.0, 0.0, 0.0, 0.0, 0.0, 0.0, 0.0, 0.048492465168237686, 0.0, 0.0, 0.0, 0.0, 0.0, 0.0, 0.0, 0.0, 0.0, 0.0, 0.0, 0.0, 0.0, 0.04695664718747139, 0.0, 0.04784053936600685, 0.0, 0.0, 0.0, 0.0, 0.0, 0.0347832627594471, 0.0, 0.0, 0.0, 0.0, 0.0, 0.04695664718747139, 0.0347832627594471, 0.0, 0.047944553196430206, 0.0, 0.0, 0.0, 0.0, 0.0, 0.0, 0.047944553196430206, 0.0, 0.0, 0.04658830538392067, 0.048492465168237686, 0.0, 0.04784053936600685, 0.0, 0.0, 0.0, 0.0), (3, 4, 7, 6, 5, 8, 2, 1)
1709115010, 32171011, 8, (0.0, 0.0, 0.0477529801428318, 0.0, 0.0, 0.0, 0.0469718836247921, 0.03478054329752922, 0.0, 0.0, 0.0, 0.0, 0.04604600742459297, 0.04815910384058952, 0.04788082465529442, 0.0, 0.0477529801428318, 0.0, 0.0, 0.0, 0.0, 0.0, 0.0, 0.0, 0.0, 0.0, 0.0, 0.0, 0.0, 0.0, 0.0, 0.0, 0.0, 0.04604600742459297, 0.0, 0.0, 0.0, 0.0, 0.0, 0.0, 0.0, 0.04815910384058952, 0.0, 0.0, 0.0, 0.0, 0.0, 0.0, 0.0469718836247921, 0.04788082465529442, 0.0, 0.0, 0.0, 0.0, 0.0, 0.0, 0.03478054329752922, 0.0, 0.0, 0.0, 0.0, 0.0, 0.0, 0.0), (8, 1, 2, 7, 3, 4, 6, 5)
1709115010, 132065773, 8, (0.0, 0.0, 0.0, 0.0, 0.0, 0.0, 0.0, 0.034606367349624634, 0.0, 0.0, 0.0, 0.0, 0.046446386724710464, 0.0, 0.0, 0.0, 0.0, 0.0, 0.0, 0.0, 0.04783812165260315, 0.0, 0.0, 0.046991296112537384, 0.0, 0.0, 0.0, 0.0, 0.04844696447253227, 0.0, 0.0, 0.0, 0.0, 0.046446386724710464, 0.04783812165260315, 0.04844696447253227, 0.0, 0.0, 0.0, 0.0, 0.0, 0.0, 0.0, 0.0, 0.0, 0.0, 0.0, 0.04787033423781395, 0.0, 0.0, 0.0, 0.0, 0.0, 0.0, 0.0, 0.0, 0.034606367349624634, 0.0, 0.046991296112537384, 0.0, 0.0, 0.04787033423781395, 0.0, 0.0), (5, 3, 6, 4, 1, 2, 7, 8)
1709115010, 231960773, 8, (0.0, 0.0, 0.04694061726331711, 0.0, 0.04783398658037186, 0.0, 0.0, 0.0, 0.0, 0.0, 0.0, 0.0, 0.0, 0.0, 0.0, 0.0, 0.04694061726331711, 0.0, 0.0, 0.03476981818675995, 0.0, 0.0, 0.0, 0.04801110178232193, 0.0, 0.0, 0.03476981818675995, 0.0, 0.0, 0.0, 0.0, 0.0, 0.04783398658037186, 0.0, 0.0, 0.0, 0.0, 0.04852570965886116, 0.04648292064666748, 0.0, 0.0, 0.0, 0.0, 0.0, 0.04852570965886116, 0.0, 0.0, 0.0, 0.0, 0.0, 0.0, 0.0, 0.04648292064666748, 0.0, 0.0, 0.0, 0.0, 0.0, 0.04801110178232193, 0.0, 0.0, 0.0, 0.0, 0.0), (6, 7, 8, 5, 1, 4, 3, 2)
1709115010, 331856966, 8, (0.0, 0.0, 0.034438133239746094, 0.0, 0.0, 0.0, 0.0, 0.0, 0.0, 0.0, 0.0, 0.0, 0.0, 0.0, 0.0, 0.0, 0.034438133239746094, 0.0, 0.0, 0.047179799526929855, 0.0, 0.04772578552365303, 0.0, 0.0, 0.0, 0.0, 0.047179799526929855, 0.0, 0.0478610023856163, 0.0, 0.0, 0.0, 0.0, 0.0, 0.0, 0.0478610023856163, 0.0, 0.0, 0.048361629247665405, 0.046423014253377914, 0.0, 0.0, 0.04772578552365303, 0.0, 0.0, 0.0, 0.0, 0.0, 0.0, 0.0, 0.0, 0.0, 0.048361629247665405, 0.0, 0.0, 0.0, 0.0, 0.0, 0.0, 0.0, 0.046423014253377914, 0.0, 0.0, 0.0), (5, 7, 8, 6, 1, 2, 4, 3)
1709115010, 431752205, 8, (0.0, 0.0, 0.0, 0.0, 0.0, 0.0, 0.0, 0.04818671569228172, 0.0, 0.0, 0.0, 0.0, 0.0, 0.0, 0.0, 0.04653305560350418, 0.0, 0.0, 0.0, 0.0, 0.046978726983070374, 0.03474491834640503, 0.04782550781965256, 0.0, 0.0, 0.0, 0.0, 0.0, 0.0, 0.0, 0.0, 0.0, 0.0, 0.0, 0.046978726983070374, 0.0, 0.0, 0.0, 0.0, 0.04776948690414429, 0.0, 0.0, 0.03474491834640503, 0.0, 0.0, 0.0, 0.0, 0.0, 0.0, 0.0, 0.04782550781965256, 0.0, 0.0, 0.0, 0.0, 0.0, 0.04818671569228172, 0.04653305560350418, 0.0, 0.0, 0.04776948690414429, 0.0, 0.0, 0.0), (4, 3, 8, 7, 6, 5, 2, 1)
1709115010, 531647444, 8, (0.0, 0.0, 0.0, 0.0, 0.04771433398127556, 0.0, 0.046984825283288956, 0.03467968478798866, 0.0, 0.0, 0.0, 0.0, 0.0, 0.0, 0.0, 0.0, 0.0, 0.0, 0.0, 0.046439267694950104, 0.0, 0.0, 0.0, 0.0, 0.0, 0.0, 0.046439267694950104, 0.0, 0.0, 0.04821096360683441, 0.047796301543712616, 0.0, 0.04771433398127556, 0.0, 0.0, 0.0, 0.0, 0.0, 0.0, 0.0, 0.0, 0.0, 0.0, 0.04821096360683441, 0.0, 0.0, 0.0, 0.0, 0.046984825283288956, 0.0, 0.0, 0.047796301543712616, 0.0, 0.0, 0.0, 0.0, 0.03467968478798866, 0.0, 0.0, 0.0, 0.0, 0.0, 0.0, 0.0), (8, 7, 3, 1, 2, 4, 6, 5)
1709115010, 631537199, 8, (0.0, 0.0, 0.0, 0.0, 0.0, 0.04794883355498314, 0.0, 0.0, 0.0, 0.0, 0.046502768993377686, 0.04864015057682991, 0.0, 0.0, 0.0, 0.047770459204912186, 0.0, 0.046502768993377686, 0.0, 0.0, 0.0, 0.0, 0.0, 0.0, 0.0, 0.04864015057682991, 0.0, 0.0, 0.0, 0.0, 0.0, 0.0, 0.0, 0.0, 0.0, 0.0, 0.0, 0.03478846698999405, 0.0, 0.0, 0.04794883355498314, 0.0, 0.0, 0.0, 0.03478846698999405, 0.0, 0.0, 0.046979550272226334, 0.0, 0.0, 0.0, 0.0, 0.0, 0.0, 0.0, 0.0, 0.0, 0.047770459204912186, 0.0, 0.0, 0.0, 0.046979550272226334, 0.0, 0.0), (2, 1, 3, 4, 5, 8, 7, 6)
1709115010, 731419325, 8, (0.0, 0.0, 0.0, 0.0, 0.0, 0.0, 0.0, 0.04845033586025238, 0.0, 0.0, 0.0, 0.0, 0.0, 0.0, 0.0, 0.0, 0.0, 0.0, 0.0, 0.0, 0.0, 0.0, 0.0, 0.04640842601656914, 0.0, 0.0, 0.0, 0.0, 0.047797784209251404, 0.0, 0.0, 0.0, 0.0, 0.0, 0.0, 0.047797784209251404, 0.0, 0.03455721214413643, 0.04700038209557533, 0.0, 0.0, 0.0, 0.0, 0.0, 0.03455721214413643, 0.0, 0.0, 0.0, 0.0, 0.0, 0.0, 0.0, 0.04700038209557533, 0.0, 0.0, 0.04792318120598793, 0.04845033586025238, 0.0, 0.04640842601656914, 0.0, 0.0, 0.0, 0.04792318120598793, 0.0), (4, 7, 3, 2, 8, 5, 6, 1)
1709115010, 831301928, 8, (0.0, 0.0, 0.0, 0.047945886850357056, 0.0, 0.0, 0.046939585357904434, 0.0349796898663044, 0.0, 0.0, 0.0, 0.0, 0.0, 0.0, 0.0, 0.0, 0.0, 0.0, 0.0, 0.0, 0.04645364731550217, 0.0, 0.0, 0.0, 0.047945886850357056, 0.0, 0.0, 0.0, 0.0, 0.0, 0.0, 0.0, 0.0, 0.0, 0.04645364731550217, 0.0, 0.0, 0.0484599694609642, 0.04786984622478485, 0.0, 0.0, 0.0, 0.0, 0.0, 0.0484599694609642, 0.0, 0.0, 0.0, 0.046939585357904434, 0.0, 0.0, 0.0, 0.04786984622478485, 0.0, 0.0, 0.0, 0.0349796898663044, 0.0, 0.0, 0.0, 0.0, 0.0, 0.0, 0.0), (8, 7, 3, 2, 1, 4, 6, 5)
1709115010, 931184053, 8, (0.0, 0.0, 0.0, 0.0, 0.0, 0.04798627272248268, 0.0, 0.0, 0.0, 0.0, 0.0, 0.048094503581523895, 0.0, 0.0, 0.0, 0.0, 0.0, 0.0, 0.0, 0.046331699937582016, 0.0, 0.0, 0.0, 0.0, 0.0, 0.048094503581523895, 0.046331699937582016, 0.0, 0.0, 0.0, 0.0, 0.04839609935879707, 0.0, 0.0, 0.0, 0.0, 0.0, 0.03485443815588951, 0.0, 0.0, 0.04798627272248268, 0.0, 0.0, 0.0, 0.03485443815588951, 0.0, 0.0, 0.046933285892009735, 0.0, 0.0, 0.0, 0.0, 0.0, 0.0, 0.0, 0.0, 0.0, 0.0, 0.0, 0.04839609935879707, 0.0, 0.046933285892009735, 0.0, 0.0), (2, 4, 3, 1, 5, 8, 7, 6)
1709115011, 31066179, 8, (0.0, 0.04652028530836105, 0.0, 0.0, 0.0, 0.0, 0.0, 0.0, 0.04652028530836105, 0.0, 0.04849885776638985, 0.0, 0.0478343591094017, 0.0, 0.0, 0.0, 0.0, 0.04849885776638985, 0.0, 0.0, 0.0, 0.0, 0.0, 0.0, 0.0, 0.0, 0.0, 0.0, 0.0, 0.047953665256500244, 0.0, 0.0, 0.0, 0.0478343591094017, 0.0, 0.0, 0.0, 0.04692889750003815, 0.0, 0.0, 0.0, 0.0, 0.0, 0.047953665256500244, 0.04692889750003815, 0.0, 0.0, 0.03478430584073067, 0.0, 0.0, 0.0, 0.0, 0.0, 0.0, 0.0, 0.0, 0.0, 0.0, 0.0, 0.0, 0.0, 0.03478430584073067, 0.0, 0.0), (3, 1, 4, 2, 6, 8, 7, 5)
1709115011, 130948305, 8, (0.0, 0.0, 0.0, 0.0, 0.047711655497550964, 0.0, 0.04696851596236229, 0.03467140346765518, 0.0, 0.0, 0.0, 0.0, 0.0, 0.0, 0.0, 0.0, 0.0, 0.0, 0.0, 0.04663563519716263, 0.0, 0.04860749468207359, 0.04781518131494522, 0.0, 0.0, 0.0, 0.04663563519716263, 0.0, 0.0, 0.0, 0.0, 0.0, 0.047711655497550964, 0.0, 0.0, 0.0, 0.0, 0.0, 0.0, 0.0, 0.0, 0.0, 0.04860749468207359, 0.0, 0.0, 0.0, 0.0, 0.0, 0.04696851596236229, 0.0, 0.04781518131494522, 0.0, 0.0, 0.0, 0.0, 0.0, 0.03467140346765518, 0.0, 0.0, 0.0, 0.0, 0.0, 0.0, 0.0), (8, 7, 1, 3, 2, 4, 6, 5)
1709115011, 230829716, 8, (0.0, 0.03463361784815788, 0.0, 0.0, 0.0, 0.0, 0.0, 0.0, 0.03463361784815788, 0.0, 0.0, 0.04697528854012489, 0.0, 0.047715138643980026, 0.0, 0.0, 0.0, 0.0, 0.0, 0.0, 0.0, 0.0, 0.0, 0.0, 0.0, 0.04697528854012489, 0.0, 0.0, 0.04785866290330887, 0.0, 0.0, 0.0, 0.0, 0.0, 0.0, 0.04785866290330887, 0.0, 0.0, 0.048421986401081085, 0.04650348797440529, 0.0, 0.047715138643980026, 0.0, 0.0, 0.0, 0.0, 0.0, 0.0, 0.0, 0.0, 0.0, 0.0, 0.048421986401081085, 0.0, 0.0, 0.0, 0.0, 0.0, 0.0, 0.0, 0.04650348797440529, 0.0, 0.0, 0.0), (5, 8, 7, 6, 1, 2, 4, 3)
1709115011, 330712318, 8, (0.0, 0.0, 0.0, 0.0, 0.0, 0.04775029420852661, 0.0, 0.0, 0.0, 0.0, 0.04640502855181694, 0.04807107523083687, 0.0, 0.0, 0.04789232090115547, 0.0, 0.0, 0.04640502855181694, 0.0, 0.0, 0.0, 0.0, 0.0, 0.0, 0.0, 0.04807107523083687, 0.0, 0.0, 0.0, 0.0, 0.0, 0.0, 0.0, 0.0, 0.0, 0.0, 0.0, 0.0, 0.0, 0.0, 0.04775029420852661, 0.0, 0.0, 0.0, 0.0, 0.0, 0.046993106603622437, 0.03465953469276428, 0.0, 0.04789232090115547, 0.0, 0.0, 0.0, 0.046993106603622437, 0.0, 0.0, 0.0, 0.0, 0.0, 0.0, 0.0, 0.03465953469276428, 0.0, 0.0), (2, 1, 3, 4, 7, 8, 6, 5)
1709115011, 430593729, 8, (0.0, 0.0, 0.04647825285792351, 0.0, 0.0486455038189888, 0.0, 0.047820642590522766, 0.0, 0.0, 0.0, 0.0, 0.047885462641716, 0.0, 0.0, 0.0, 0.0, 0.04647825285792351, 0.0, 0.0, 0.0, 0.0, 0.0, 0.0, 0.0, 0.0, 0.047885462641716, 0.0, 0.0, 0.0, 0.0, 0.046962540596723557, 0.0346556082367897, 0.0486455038189888, 0.0, 0.0, 0.0, 0.0, 0.0, 0.0, 0.0, 0.0, 0.0, 0.0, 0.0, 0.0, 0.0, 0.0, 0.0, 0.047820642590522766, 0.0, 0.0, 0.046962540596723557, 0.0, 0.0, 0.0, 0.0, 0.0, 0.0, 0.0, 0.0346556082367897, 0.0, 0.0, 0.0, 0.0), (1, 2, 3, 8, 4, 7, 6, 5)
1709115011, 530474901, 8, (0.0, 0.0, 0.0, 0.046978212893009186, 0.04785171151161194, 0.0, 0.0, 0.0, 0.0, 0.0, 0.0, 0.03471451625227928, 0.0, 0.0, 0.0, 0.0, 0.0, 0.0, 0.0, 0.0, 0.0, 0.0, 0.0, 0.0, 0.046978212893009186, 0.03471451625227928, 0.0, 0.0, 0.0, 0.04789577051997185, 0.0, 0.0, 0.04785171151161194, 0.0, 0.0, 0.0, 0.0, 0.0, 0.048394862562417984, 0.04635584354400635, 0.0, 0.0, 0.0, 0.04789577051997185, 0.0, 0.0, 0.0, 0.0, 0.0, 0.0, 0.0, 0.0, 0.048394862562417984, 0.0, 0.0, 0.0, 0.0, 0.0, 0.0, 0.0, 0.04635584354400635, 0.0, 0.0, 0.0), (6, 5, 7, 8, 1, 2, 4, 3)
1709115011, 630356073, 8, (0.0, 0.0, 0.04645584523677826, 0.04847319424152374, 0.0, 0.047805920243263245, 0.0, 0.0, 0.0, 0.0, 0.0, 0.0, 0.0, 0.0, 0.04786640778183937, 0.0, 0.04645584523677826, 0.0, 0.0, 0.0, 0.0, 0.0, 0.0, 0.0, 0.04847319424152374, 0.0, 0.0, 0.0, 0.0, 0.0, 0.0, 0.0, 0.0, 0.0, 0.0, 0.0, 0.0, 0.0, 0.03467536345124245, 0.0, 0.047805920243263245, 0.0, 0.0, 0.0, 0.0, 0.0, 0.04699338227510452, 0.0, 0.0, 0.04786640778183937, 0.0, 0.0, 0.03467536345124245, 0.04699338227510452, 0.0, 0.0, 0.0, 0.0, 0.0, 0.0, 0.0, 0.0, 0.0, 0.0), (1, 2, 3, 4, 5, 6, 8, 7)
1709115011, 730243683, 8, (0.0, 0.0, 0.0, 0.0, 0.0, 0.0, 0.0, 0.048212748020887375, 0.0, 0.0, 0.0, 0.0, 0.0, 0.0, 0.0, 0.04645771160721779, 0.0, 0.0, 0.0, 0.0, 0.03473839908838272, 0.0, 0.0, 0.0, 0.0, 0.0, 0.0, 0.0, 0.04696570709347725, 0.0, 0.0, 0.048001211136579514, 0.0, 0.0, 0.03473839908838272, 0.04696570709347725, 0.0, 0.0, 0.047725383192300797, 0.0, 0.0, 0.0, 0.0, 0.0, 0.0, 0.0, 0.0, 0.0, 0.0, 0.0, 0.0, 0.0, 0.047725383192300797, 0.0, 0.0, 0.0, 0.048212748020887375, 0.04645771160721779, 0.0, 0.048001211136579514, 0.0, 0.0, 0.0, 0.0), (4, 3, 5, 6, 8, 7, 2, 1)
1709115011, 830131054, 8, (0.0, 0.0, 0.0, 0.0, 0.0, 0.046981312334537506, 0.03468049317598343, 0.047801509499549866, 0.0, 0.0, 0.048346757888793945, 0.04645705223083496, 0.0, 0.04798858240246773, 0.0, 0.0, 0.0, 0.048346757888793945, 0.0, 0.0, 0.0, 0.0, 0.0, 0.0, 0.0, 0.04645705223083496, 0.0, 0.0, 0.0, 0.0, 0.0, 0.0, 0.0, 0.0, 0.0, 0.0, 0.0, 0.0, 0.0, 0.0, 0.046981312334537506, 0.04798858240246773, 0.0, 0.0, 0.0, 0.0, 0.0, 0.0, 0.03468049317598343, 0.0, 0.0, 0.0, 0.0, 0.0, 0.0, 0.0, 0.047801509499549866, 0.0, 0.0, 0.0, 0.0, 0.0, 0.0, 0.0), (8, 1, 4, 3, 7, 6, 5, 2)
1709115011, 930018663, 8, (0.0, 0.0, 0.0, 0.0, 0.0, 0.0, 0.0, 0.048517391085624695, 0.0, 0.0, 0.0, 0.0, 0.0, 0.0, 0.0, 0.046483684331178665, 0.0, 0.0, 0.0, 0.04701957479119301, 0.0, 0.0, 0.0, 0.04776940122246742, 0.0, 0.0, 0.04701957479119301, 0.0, 0.0, 0.03490327298641205, 0.04794823005795479, 0.0, 0.0, 0.0, 0.0, 0.0, 0.0, 0.0, 0.0, 0.0, 0.0, 0.0, 0.0, 0.03490327298641205, 0.0, 0.0, 0.0, 0.0, 0.0, 0.0, 0.0, 0.04794823005795479, 0.0, 0.0, 0.0, 0.0, 0.048517391085624695, 0.046483684331178665, 0.04776940122246742, 0.0, 0.0, 0.0, 0.0, 0.0), (4, 3, 6, 8, 7, 5, 2, 1)
1709115012, 29906034, 8, (0.0, 0.0, 0.0, 0.0, 0.0, 0.0, 0.0, 0.0, 0.0, 0.0, 0.03481616824865341, 0.04698353260755539, 0.0, 0.0, 0.04782244563102722, 0.0, 0.0, 0.03481616824865341, 0.0, 0.0, 0.0, 0.0, 0.0, 0.0, 0.0, 0.04698353260755539, 0.0, 0.0, 0.0, 0.0, 0.0, 0.0477132648229599, 0.0, 0.0, 0.0, 0.0, 0.0, 0.0, 0.0, 0.0485738068819046, 0.0, 0.0, 0.0, 0.0, 0.0, 0.0, 0.0, 0.04645191878080368, 0.0, 0.04782244563102722, 0.0, 0.0, 0.0, 0.0, 0.0, 0.0, 0.0, 0.0, 0.0, 0.0477132648229599, 0.0485738068819046, 0.04645191878080368, 0.0, 0.0), (7, 8, 5, 6, 4, 3, 2, 1)
1709115012, 129793406, 8, (0.0, 0.0, 0.0, 0.0, 0.0, 0.0, 0.0, 0.0, 0.0, 0.0, 0.04848890379071236, 0.046152565628290176, 0.0, 0.0, 0.04792533442378044, 0.0, 0.0, 0.04848890379071236, 0.0, 0.0, 0.0, 0.0, 0.0, 0.0, 0.0, 0.046152565628290176, 0.0, 0.0, 0.0, 0.0, 0.0, 0.0, 0.0, 0.0, 0.0, 0.0, 0.0, 0.034864649176597595, 0.0470171682536602, 0.04781501740217209, 0.0, 0.0, 0.0, 0.0, 0.034864649176597595, 0.0, 0.0, 0.0, 0.0, 0.04792533442378044, 0.0, 0.0, 0.0470171682536602, 0.0, 0.0, 0.0, 0.0, 0.0, 0.0, 0.0, 0.04781501740217209, 0.0, 0.0, 0.0), (7, 1, 4, 3, 8, 5, 6, 2)
1709115012, 229681253, 8, (0.0, 0.0469963438808918, 0.0, 0.0, 0.0, 0.047840192914009094, 0.0, 0.0, 0.0469963438808918, 0.0, 0.0, 0.03463063761591911, 0.04792158678174019, 0.0, 0.0, 0.0, 0.0, 0.0, 0.0, 0.0, 0.0, 0.0, 0.0, 0.0, 0.0, 0.03463063761591911, 0.0, 0.0, 0.0, 0.0, 0.0, 0.0, 0.0, 0.04792158678174019, 0.0, 0.0, 0.0, 0.0, 0.0, 0.0, 0.047840192914009094, 0.0, 0.0, 0.0, 0.0, 0.0, 0.0482395775616169, 0.046428948640823364, 0.0, 0.0, 0.0, 0.0, 0.0, 0.0482395775616169, 0.0, 0.0, 0.0, 0.0, 0.0, 0.0, 0.0, 0.046428948640823364, 0.0, 0.0), (6, 8, 7, 5, 2, 1, 4, 3)
1709115012, 329569578, 8, (0.0, 0.0, 0.0, 0.0, 0.0, 0.0, 0.0, 0.04809686541557312, 0.0, 0.0, 0.0, 0.0, 0.0, 0.046949952840805054, 0.0, 0.047871943563222885, 0.0, 0.0, 0.0, 0.0, 0.0, 0.0, 0.0, 0.0, 0.0, 0.0, 0.0, 0.0, 0.0, 0.03497182950377464, 0.0, 0.0, 0.0, 0.0, 0.0, 0.0, 0.0, 0.0, 0.0, 0.04639272391796112, 0.0, 0.046949952840805054, 0.0, 0.03497182950377464, 0.0, 0.0, 0.04779837280511856, 0.0, 0.0, 0.0, 0.0, 0.0, 0.0, 0.04779837280511856, 0.0, 0.0, 0.04809686541557312, 0.047871943563222885, 0.0, 0.0, 0.04639272391796112, 0.0, 0.0, 0.0), (4, 6, 7, 5, 3, 8, 2, 1)
1709115012, 429456949, 8, (0.0, 0.0, 0.0, 0.0, 0.0, 0.0, 0.0, 0.04858881235122681, 0.0, 0.0, 0.0, 0.0, 0.0, 0.0, 0.0, 0.04643186926841736, 0.0, 0.0, 0.0, 0.048021480441093445, 0.0, 0.0, 0.0, 0.0, 0.0, 0.0, 0.048021480441093445, 0.0, 0.04698583111166954, 0.0, 0.034712523221969604, 0.0, 0.0, 0.0, 0.0, 0.04698583111166954, 0.0, 0.0, 0.0, 0.04784117266535759, 0.0, 0.0, 0.0, 0.0, 0.0, 0.0, 0.0, 0.0, 0.0, 0.0, 0.0, 0.034712523221969604, 0.0, 0.0, 0.0, 0.0, 0.04858881235122681, 0.04643186926841736, 0.0, 0.0, 0.04784117266535759, 0.0, 0.0, 0.0), (4, 3, 2, 8, 6, 7, 5, 1)
1709115012, 529344797, 8, (0.0, 0.0, 0.04697982594370842, 0.03484377637505531, 0.0, 0.0, 0.047893866896629333, 0.0, 0.0, 0.0, 0.0, 0.0, 0.0, 0.0, 0.0, 0.0, 0.04697982594370842, 0.0, 0.0, 0.0, 0.0, 0.04785116761922836, 0.0, 0.0, 0.03484377637505531, 0.0, 0.0, 0.0, 0.0, 0.0, 0.0, 0.0, 0.0, 0.0, 0.0, 0.0, 0.0, 0.046516042202711105, 0.0, 0.0, 0.0, 0.0, 0.04785116761922836, 0.0, 0.046516042202711105, 0.0, 0.0, 0.04835982620716095, 0.047893866896629333, 0.0, 0.0, 0.0, 0.0, 0.0, 0.0, 0.0, 0.0, 0.0, 0.0, 0.0, 0.0, 0.04835982620716095, 0.0, 0.0), (8, 7, 6, 5, 3, 1, 2, 4)
1709115012, 629232168, 8, (0.0, 0.0, 0.046982645988464355, 0.034758176654577255, 0.0, 0.0, 0.0, 0.04778290539979935, 0.0, 0.0, 0.0, 0.0, 0.0, 0.0, 0.0, 0.0, 0.046982645988464355, 0.0, 0.0, 0.0, 0.047860268503427505, 0.0, 0.0, 0.0, 0.034758176654577255, 0.0, 0.0, 0.0, 0.0, 0.0, 0.0, 0.0, 0.0, 0.0, 0.047860268503427505, 0.0, 0.0, 0.04634939506649971, 0.0483035072684288, 0.0, 0.0, 0.0, 0.0, 0.0, 0.04634939506649971, 0.0, 0.0, 0.0, 0.0, 0.0, 0.0, 0.0, 0.0483035072684288, 0.0, 0.0, 0.0, 0.04778290539979935, 0.0, 0.0, 0.0, 0.0, 0.0, 0.0, 0.0), (8, 7, 6, 5, 1, 3, 4, 2)
1709115012, 729120255, 8, (0.0, 0.0, 0.0, 0.0, 0.0, 0.047741666436195374, 0.0, 0.0471244640648365, 0.0, 0.0, 0.0, 0.0, 0.0, 0.0, 0.0, 0.03441615402698517, 0.0, 0.0, 0.0, 0.0, 0.0, 0.0, 0.0, 0.04772284999489784, 0.0, 0.0, 0.0, 0.0, 0.0, 0.04650053754448891, 0.0, 0.0, 0.0, 0.0, 0.0, 0.0, 0.0, 0.048302702605724335, 0.0, 0.0, 0.047741666436195374, 0.0, 0.0, 0.04650053754448891, 0.048302702605724335, 0.0, 0.0, 0.0, 0.0, 0.0, 0.0, 0.0, 0.0, 0.0, 0.0, 0.0, 0.0471244640648365, 0.03441615402698517, 0.04772284999489784, 0.0, 0.0, 0.0, 0.0, 0.0), (6, 5, 2, 3, 4, 1, 7, 8)
1709115012, 829008579, 8, (0.0, 0.0, 0.0, 0.0, 0.0, 0.0, 0.0, 0.0, 0.0, 0.0, 0.0, 0.04609870910644531, 0.0, 0.0, 0.0, 0.0, 0.0, 0.0, 0.0, 0.0, 0.0, 0.047770339995622635, 0.0, 0.0, 0.0, 0.04609870910644531, 0.0, 0.0, 0.04864998161792755, 0.0, 0.0, 0.04780570790171623, 0.0, 0.0, 0.0, 0.04864998161792755, 0.0, 0.0, 0.0, 0.0, 0.0, 0.0, 0.047770339995622635, 0.0, 0.0, 0.0, 0.034741293638944626, 0.046975426375865936, 0.0, 0.0, 0.0, 0.0, 0.0, 0.034741293638944626, 0.0, 0.0, 0.0, 0.0, 0.0, 0.04780570790171623, 0.0, 0.046975426375865936, 0.0, 0.0), (7, 3, 2, 1, 4, 8, 5, 6)
1709115012, 928896427, 8, (0.0, 0.04799729958176613, 0.0, 0.0469563864171505, 0.0347905308008194, 0.0, 0.0, 0.0, 0.04799729958176613, 0.0, 0.0, 0.0, 0.0, 0.0, 0.0, 0.0, 0.0, 0.0, 0.0, 0.0, 0.0, 0.0, 0.0, 0.0, 0.0469563864171505, 0.0, 0.0, 0.0, 0.0, 0.047921933233737946, 0.0, 0.0, 0.0347905308008194, 0.0, 0.0, 0.0, 0.0, 0.0, 0.0, 0.0, 0.0, 0.0, 0.0, 0.047921933233737946, 0.0, 0.0, 0.04806848615407944, 0.046389177441596985, 0.0, 0.0, 0.0, 0.0, 0.0, 0.04806848615407944, 0.0, 0.0, 0.0, 0.0, 0.0, 0.0, 0.0, 0.046389177441596985, 0.0, 0.0), (8, 2, 7, 6, 5, 1, 4, 3)
1709115013, 28784513, 8, (0.0, 0.03480333834886551, 0.0, 0.04693996161222458, 0.0, 0.0, 0.04786175116896629, 0.0, 0.03480333834886551, 0.0, 0.0, 0.0, 0.0, 0.0, 0.0, 0.0, 0.0, 0.0, 0.0, 0.0, 0.0, 0.0, 0.0, 0.0, 0.04693996161222458, 0.0, 0.0, 0.0, 0.0, 0.04794400557875633, 0.0, 0.0, 0.0, 0.0, 0.0, 0.0, 0.0, 0.046489302068948746, 0.0, 0.0, 0.0, 0.0, 0.0, 0.04794400557875633, 0.046489302068948746, 0.0, 0.0, 0.04833783581852913, 0.04786175116896629, 0.0, 0.0, 0.0, 0.0, 0.0, 0.0, 0.0, 0.0, 0.0, 0.0, 0.0, 0.0, 0.04833783581852913, 0.0, 0.0), (8, 5, 7, 6, 3, 1, 2, 4)
1709115013, 128672361, 8, (0.0, 0.0, 0.0, 0.0, 0.0, 0.0, 0.0, 0.04817764088511467, 0.0, 0.0, 0.0, 0.04699308052659035, 0.0, 0.0, 0.0, 0.047870416194200516, 0.0, 0.0, 0.0, 0.03471478819847107, 0.0, 0.0, 0.0, 0.0, 0.0, 0.04699308052659035, 0.03471478819847107, 0.0, 0.0, 0.0, 0.047898679971694946, 0.0, 0.0, 0.0, 0.0, 0.0, 0.0, 0.0, 0.0, 0.0, 0.0, 0.0, 0.0, 0.0, 0.0, 0.0, 0.0, 0.04647571220993996, 0.0, 0.0, 0.0, 0.047898679971694946, 0.0, 0.0, 0.0, 0.0, 0.04817764088511467, 0.047870416194200516, 0.0, 0.0, 0.0, 0.04647571220993996, 0.0, 0.0), (4, 6, 5, 8, 7, 3, 2, 1)
1709115013, 228560209, 8, (0.0, 0.0, 0.046451814472675323, 0.0, 0.0, 0.0, 0.0, 0.0, 0.0, 0.0, 0.0, 0.0, 0.0, 0.0, 0.04787353426218033, 0.0, 0.046451814472675323, 0.0, 0.0, 0.0, 0.0479118674993515, 0.0486336387693882, 0.0, 0.0, 0.0, 0.0, 0.0, 0.0, 0.0, 0.0, 0.034668296575546265, 0.0, 0.0, 0.0, 0.0479118674993515, 0.0, 0.0, 0.0, 0.047017041593790054, 0.0, 0.0, 0.0, 0.0486336387693882, 0.0, 0.0, 0.0, 0.0, 0.0, 0.0, 0.04787353426218033, 0.0, 0.034668296575546265, 0.047017041593790054, 0.0, 0.0, 0.0, 0.0, 0.0, 0.0, 0.0, 0.0, 0.0, 0.0, 0.0), (3, 2, 1, 5, 6, 4, 8, 7)
1709115013, 328449249, 8, (0.0, 0.0, 0.047726087272167206, 0.0, 0.0, 0.0, 0.0471525564789772, 0.0343816801905632, 0.0, 0.0, 0.0, 0.0, 0.04835396260023117, 0.0, 0.0, 0.0, 0.047726087272167206, 0.0, 0.0, 0.0, 0.0, 0.0, 0.0, 0.0, 0.0, 0.0, 0.0, 0.0, 0.04642484337091446, 0.0, 0.0, 0.0, 0.0, 0.04835396260023117, 0.0, 0.04642484337091446, 0.0, 0.0, 0.047933243215084076, 0.0, 0.0, 0.0, 0.0, 0.0, 0.0, 0.0, 0.0, 0.0, 0.0471525564789772, 0.0, 0.0, 0.0, 0.047933243215084076, 0.0, 0.0, 0.0, 0.0343816801905632, 0.0, 0.0, 0.0, 0.0, 0.0, 0.0, 0.0), (8, 4, 2, 3, 1, 7, 6, 5)
1709115013, 428336859, 8, (0.0, 0.0, 0.0, 0.0, 0.0, 0.0, 0.046057965606451035, 0.0, 0.0, 0.0, 0.0, 0.0, 0.0348491370677948, 0.0, 0.0, 0.0, 0.0, 0.0, 0.0, 0.0, 0.04692194238305092, 0.0, 0.04792539030313492, 0.0, 0.0, 0.0, 0.0, 0.0, 0.0, 0.0, 0.04840884730219841, 0.0, 0.0, 0.0348491370677948, 0.04692194238305092, 0.0, 0.0, 0.0, 0.0, 0.04782656207680702, 0.0, 0.0, 0.0, 0.0, 0.0, 0.0, 0.0, 0.0, 0.046057965606451035, 0.0, 0.04792539030313492, 0.04840884730219841, 0.0, 0.0, 0.0, 0.0, 0.0, 0.0, 0.0, 0.0, 0.04782656207680702, 0.0, 0.0, 0.0), (3, 5, 6, 4, 8, 7, 1, 2)
1709115013, 528224707, 8, (0.0, 0.0, 0.0, 0.047763705253601074, 0.0, 0.04700695723295212, 0.034595999866724014, 0.0, 0.0, 0.0, 0.0, 0.0, 0.0, 0.0, 0.0, 0.0, 0.0, 0.0, 0.0, 0.0, 0.046472396701574326, 0.0, 0.0, 0.0, 0.047763705253601074, 0.0, 0.0, 0.0, 0.0, 0.0, 0.0, 0.0, 0.0, 0.0, 0.046472396701574326, 0.0, 0.0, 0.04786984995007515, 0.0, 0.04814990237355232, 0.04700695723295212, 0.0, 0.0, 0.0, 0.04786984995007515, 0.0, 0.0, 0.0, 0.034595999866724014, 0.0, 0.0, 0.0, 0.0, 0.0, 0.0, 0.0, 0.0, 0.0, 0.0, 0.0, 0.04814990237355232, 0.0, 0.0, 0.0), (8, 7, 3, 2, 1, 6, 5, 4)
1709115013, 628112078, 8, (0.0, 0.0, 0.0, 0.0, 0.0, 0.0, 0.0, 0.04844692721962929, 0.0, 0.0, 0.0, 0.0, 0.0, 0.0, 0.0, 0.0, 0.0, 0.0, 0.0, 0.03472275659441948, 0.04697795212268829, 0.0, 0.047750018537044525, 0.0, 0.0, 0.0, 0.03472275659441948, 0.0, 0.0, 0.0, 0.0, 0.0, 0.0, 0.0, 0.04697795212268829, 0.0, 0.0, 0.0, 0.0, 0.04778469726443291, 0.0, 0.0, 0.0, 0.0, 0.0, 0.0, 0.0, 0.0464448444545269, 0.0, 0.0, 0.047750018537044525, 0.0, 0.0, 0.0, 0.0, 0.0, 0.04844692721962929, 0.0, 0.0, 0.0, 0.04778469726443291, 0.0464448444545269, 0.0, 0.0), (4, 7, 8, 5, 6, 3, 2, 1)
1709115013, 727997780, 8, (0.0, 0.0, 0.046066999435424805, 0.04856482893228531, 0.0, 0.047790300101041794, 0.0, 0.0, 0.0, 0.0, 0.0, 0.0, 0.0, 0.0, 0.047714658081531525, 0.0, 0.046066999435424805, 0.0, 0.0, 0.0, 0.0, 0.0, 0.0, 0.0, 0.04856482893228531, 0.0, 0.0, 0.0, 0.0, 0.0, 0.0, 0.0, 0.0, 0.0, 0.0, 0.0, 0.0, 0.0, 0.03459963575005531, 0.0, 0.047790300101041794, 0.0, 0.0, 0.0, 0.0, 0.0, 0.04714644327759743, 0.0, 0.0, 0.047714658081531525, 0.0, 0.0, 0.03459963575005531, 0.04714644327759743, 0.0, 0.0, 0.0, 0.0, 0.0, 0.0, 0.0, 0.0, 0.0, 0.0), (1, 2, 3, 4, 5, 6, 8, 7)
1709115013, 827883244, 8, (0.0, 0.0, 0.0, 0.0, 0.0, 0.0, 0.0, 0.0, 0.0, 0.0, 0.0, 0.0, 0.04778711497783661, 0.0, 0.048620376735925674, 0.04654628783464432, 0.0, 0.0, 0.0, 0.04786311462521553, 0.0, 0.0, 0.0, 0.0, 0.0, 0.0, 0.04786311462521553, 0.0, 0.047000519931316376, 0.03465387225151062, 0.0, 0.0, 0.0, 0.04778711497783661, 0.0, 0.047000519931316376, 0.0, 0.0, 0.0, 0.0, 0.0, 0.0, 0.0, 0.03465387225151062, 0.0, 0.0, 0.0, 0.0, 0.0, 0.048620376735925674, 0.0, 0.0, 0.0, 0.0, 0.0, 0.0, 0.0, 0.04654628783464432, 0.0, 0.0, 0.0, 0.0, 0.0, 0.0), (7, 1, 2, 8, 6, 5, 4, 3)
1709115013, 927768946, 8, (0.0, 0.0, 0.0, 0.04848536476492882, 0.0, 0.0, 0.0, 0.0, 0.0, 0.0, 0.0, 0.0, 0.0, 0.0, 0.0, 0.047739751636981964, 0.0, 0.0, 0.0, 0.04640324041247368, 0.0, 0.0, 0.0, 0.0, 0.04848536476492882, 0.0, 0.04640324041247368, 0.0, 0.0, 0.04791530594229698, 0.0, 0.0, 0.0, 0.0, 0.0, 0.0, 0.0, 0.0, 0.0, 0.0, 0.0, 0.0, 0.0, 0.04791530594229698, 0.0, 0.0, 0.0, 0.046984706073999405, 0.0, 0.0, 0.0, 0.0, 0.0, 0.0, 0.0, 0.03477764502167702, 0.0, 0.047739751636981964, 0.0, 0.0, 0.0, 0.046984706073999405, 0.03477764502167702, 0.0), (4, 2, 3, 1, 7, 6, 5, 8)
1709115014, 27654648, 8, (0.0, 0.0, 0.0, 0.0, 0.0, 0.0, 0.0, 0.0, 0.0, 0.0, 0.047748319804668427, 0.0, 0.0, 0.0, 0.0469917468726635, 0.034766390919685364, 0.0, 0.047748319804668427, 0.0, 0.0, 0.0, 0.0, 0.0, 0.0, 0.0, 0.0, 0.0, 0.0, 0.046485427767038345, 0.048402734100818634, 0.04787047207355499, 0.0, 0.0, 0.0, 0.0, 0.046485427767038345, 0.0, 0.0, 0.0, 0.0, 0.0, 0.0, 0.0, 0.048402734100818634, 0.0, 0.0, 0.0, 0.0, 0.0, 0.0469917468726635, 0.0, 0.04787047207355499, 0.0, 0.0, 0.0, 0.0, 0.0, 0.034766390919685364, 0.0, 0.0, 0.0, 0.0, 0.0, 0.0), (7, 8, 2, 1, 3, 4, 6, 5)
1709115014, 127540112, 8, (0.0, 0.0, 0.0, 0.0469583235681057, 0.03481009230017662, 0.048002127557992935, 0.0, 0.0, 0.0, 0.0, 0.0, 0.04787416011095047, 0.0, 0.0, 0.04845250025391579, 0.04648543521761894, 0.0, 0.0, 0.0, 0.0, 0.0, 0.0, 0.0, 0.0, 0.0469583235681057, 0.04787416011095047, 0.0, 0.0, 0.0, 0.0, 0.0, 0.0, 0.03481009230017662, 0.0, 0.0, 0.0, 0.0, 0.0, 0.0, 0.0, 0.048002127557992935, 0.0, 0.0, 0.0, 0.0, 0.0, 0.0, 0.0, 0.0, 0.04845250025391579, 0.0, 0.0, 0.0, 0.0, 0.0, 0.0, 0.0, 0.04648543521761894, 0.0, 0.0, 0.0, 0.0, 0.0, 0.0), (8, 1, 7, 6, 5, 2, 4, 3)
1709115014, 227425337, 8, (0.0, 0.0, 0.0, 0.0, 0.0, 0.0, 0.0, 0.034748002886772156, 0.0, 0.0, 0.0, 0.0, 0.0, 0.0, 0.0, 0.0479407012462616, 0.0, 0.0, 0.0, 0.047813039273023605, 0.04643411561846733, 0.0, 0.048204079270362854, 0.0, 0.0, 0.0, 0.047813039273023605, 0.0, 0.0, 0.0, 0.0, 0.047017958015203476, 0.0, 0.0, 0.04643411561846733, 0.0, 0.0, 0.0, 0.0, 0.0, 0.0, 0.0, 0.0, 0.0, 0.0, 0.0, 0.0, 0.0, 0.0, 0.0, 0.048204079270362854, 0.0, 0.0, 0.0, 0.0, 0.0, 0.034748002886772156, 0.0479407012462616, 0.0, 0.047017958015203476, 0.0, 0.0, 0.0, 0.0), (5, 2, 1, 6, 3, 7, 4, 8)
1709115014, 327311754, 8, (0.0, 0.0, 0.0, 0.0, 0.0, 0.0, 0.04784190654754639, 0.0, 0.0, 0.0, 0.04656510427594185, 0.04853472113609314, 0.0, 0.04788074269890785, 0.0, 0.0, 0.0, 0.04656510427594185, 0.0, 0.0, 0.0, 0.0, 0.0, 0.0, 0.0, 0.04853472113609314, 0.0, 0.0, 0.0, 0.0, 0.0, 0.0, 0.0, 0.0, 0.0, 0.0, 0.0, 0.0, 0.03479314595460892, 0.0, 0.0, 0.04788074269890785, 0.0, 0.0, 0.0, 0.0, 0.04696572944521904, 0.0, 0.04784190654754639, 0.0, 0.0, 0.0, 0.03479314595460892, 0.04696572944521904, 0.0, 0.0, 0.0, 0.0, 0.0, 0.0, 0.0, 0.0, 0.0, 0.0), (2, 1, 3, 4, 5, 6, 8, 7)
1709115014, 427196980, 8, (0.0, 0.0, 0.0, 0.0, 0.0, 0.048302873969078064, 0.0, 0.0, 0.0, 0.0, 0.0, 0.0, 0.0, 0.046400267630815506, 0.0, 0.0, 0.0, 0.0, 0.0, 0.0, 0.0, 0.0, 0.034655630588531494, 0.0, 0.0, 0.0, 0.0, 0.0, 0.0, 0.047864802181720734, 0.04701409116387367, 0.0, 0.0, 0.0, 0.0, 0.0, 0.0, 0.0, 0.04790468513965607, 0.0, 0.048302873969078064, 0.046400267630815506, 0.0, 0.047864802181720734, 0.0, 0.0, 0.0, 0.0, 0.0, 0.0, 0.034655630588531494, 0.04701409116387367, 0.04790468513965607, 0.0, 0.0, 0.0, 0.0, 0.0, 0.0, 0.0, 0.0, 0.0, 0.0, 0.0), (4, 3, 5, 6, 2, 1, 8, 7)
1709115014, 527082443, 8, (0.0, 0.0, 0.04649240896105766, 0.0, 0.0, 0.0, 0.0, 0.0, 0.0, 0.0, 0.048422522842884064, 0.0, 0.0, 0.0, 0.0, 0.0, 0.04649240896105766, 0.048422522842884064, 0.0, 0.04787899926304817, 0.0, 0.0, 0.0, 0.0, 0.0, 0.0, 0.04787899926304817, 0.0, 0.046947043389081955, 0.0, 0.0, 0.0, 0.0, 0.0, 0.0, 0.046947043389081955, 0.0, 0.0, 0.03474947437644005, 0.04775836691260338, 0.0, 0.0, 0.0, 0.0, 0.0, 0.0, 0.0, 0.0, 0.0, 0.0, 0.0, 0.0, 0.03474947437644005, 0.0, 0.0, 0.0, 0.0, 0.0, 0.0, 0.0, 0.04775836691260338, 0.0, 0.0, 0.0), (3, 4, 1, 6, 8, 7, 5, 2)
1709115014, 626967669, 8, (0.0, 0.0, 0.0, 0.0, 0.0, 0.0, 0.0, 0.04607149213552475, 0.0, 0.0, 0.0, 0.0, 0.04699186980724335, 0.0, 0.0, 0.047926489263772964, 0.0, 0.0, 0.0, 0.0, 0.0, 0.0, 0.0, 0.0, 0.0, 0.0, 0.0, 0.0, 0.03468988463282585, 0.0, 0.0, 0.0, 0.0, 0.04699186980724335, 0.0, 0.03468988463282585, 0.0, 0.0, 0.0477338545024395, 0.0, 0.0, 0.0, 0.0, 0.0, 0.0, 0.0, 0.0, 0.04803869500756264, 0.0, 0.0, 0.0, 0.0, 0.0477338545024395, 0.0, 0.0, 0.0, 0.04607149213552475, 0.047926489263772964, 0.0, 0.0, 0.0, 0.04803869500756264, 0.0, 0.0), (3, 6, 7, 5, 8, 4, 2, 1)
1709115014, 726852179, 8, (0.0, 0.0, 0.0, 0.0, 0.04642539843916893, 0.0, 0.0, 0.0, 0.0, 0.0, 0.0, 0.0, 0.047889385372400284, 0.0, 0.0, 0.046999216079711914, 0.0, 0.0, 0.0, 0.0, 0.0, 0.0, 0.0, 0.03452109917998314, 0.0, 0.0, 0.0, 0.0, 0.048245448619127274, 0.0, 0.0, 0.0, 0.04642539843916893, 0.047889385372400284, 0.0, 0.048245448619127274, 0.0, 0.0, 0.0, 0.0, 0.0, 0.0, 0.0, 0.0, 0.0, 0.0, 0.0, 0.047806382179260254, 0.0, 0.0, 0.0, 0.0, 0.0, 0.0, 0.0, 0.0, 0.0, 0.046999216079711914, 0.03452109917998314, 0.0, 0.0, 0.047806382179260254, 0.0, 0.0), (3, 6, 5, 4, 1, 2, 7, 8)
1709115014, 826736927, 8, (0.0, 0.0, 0.0, 0.0, 0.0, 0.0, 0.0, 0.048404425382614136, 0.0, 0.0, 0.0, 0.04695524275302887, 0.0, 0.0, 0.0, 0.0478997603058815, 0.0, 0.0, 0.0, 0.034752603620290756, 0.0, 0.0, 0.0, 0.0, 0.0, 0.04695524275302887, 0.034752603620290756, 0.0, 0.0, 0.0, 0.04774762690067291, 0.0, 0.0, 0.0, 0.0, 0.0, 0.0, 0.0, 0.0, 0.0, 0.0, 0.0, 0.0, 0.0, 0.0, 0.0, 0.0, 0.046420011669397354, 0.0, 0.0, 0.0, 0.04774762690067291, 0.0, 0.0, 0.0, 0.0, 0.048404425382614136, 0.0478997603058815, 0.0, 0.0, 0.0, 0.046420011669397354, 0.0, 0.0), (4, 6, 5, 8, 7, 3, 2, 1)
1709115014, 926621675, 8, (0.0, 0.0, 0.0, 0.0, 0.04815645143389702, 0.0, 0.0, 0.0, 0.0, 0.0, 0.0, 0.0, 0.0, 0.0, 0.0, 0.034771669656038284, 0.0, 0.0, 0.0, 0.0, 0.04648453742265701, 0.0, 0.0, 0.0, 0.0, 0.0, 0.0, 0.0, 0.0, 0.0, 0.0, 0.0480070561170578, 0.04815645143389702, 0.0, 0.04648453742265701, 0.0, 0.0, 0.0478670671582222, 0.0, 0.0, 0.0, 0.0, 0.0, 0.0, 0.0478670671582222, 0.0, 0.0, 0.0469672866165638, 0.0, 0.0, 0.0, 0.0, 0.0, 0.0, 0.0, 0.0, 0.0, 0.034771669656038284, 0.0, 0.0480070561170578, 0.0, 0.0469672866165638, 0.0, 0.0), (4, 5, 3, 2, 1, 6, 7, 8)
1709115015, 26505947, 8, (0.0, 0.0, 0.03484191372990608, 0.0, 0.0, 0.0, 0.0, 0.0, 0.0, 0.0, 0.04697258397936821, 0.0, 0.047850240021944046, 0.0, 0.0, 0.0, 0.03484191372990608, 0.04697258397936821, 0.0, 0.0, 0.0, 0.0, 0.0, 0.04775747284293175, 0.0, 0.0, 0.0, 0.0, 0.0, 0.0, 0.0, 0.0, 0.0, 0.047850240021944046, 0.0, 0.0, 0.0, 0.048436544835567474, 0.04643680155277252, 0.0, 0.0, 0.0, 0.0, 0.0, 0.048436544835567474, 0.0, 0.0, 0.0, 0.0, 0.0, 0.0, 0.0, 0.04643680155277252, 0.0, 0.0, 0.0, 0.0, 0.0, 0.04775747284293175, 0.0, 0.0, 0.0, 0.0, 0.0), (5, 6, 8, 7, 1, 4, 3, 2)
